\documentclass[9pt]{article}
\usepackage[english]{babel}
\usepackage{amsmath,amsthm}
\usepackage{amsfonts}
\usepackage{graphicx}
\usepackage[margin=0.2in]{geometry}
\newcommand{\setlinespacing}[1]{\setlength{\baselineskip}{#1 \defbaselineskip}}
\newcommand{\doublespacing}{\setlength{\baselineskip}{2.0 \defbaselineskip}}
\newcommand{\singlespacing}{\setlength{\baselineskip}{\defbaselineskip}}
\newcommand{\A}{{\cal A}}
\newcommand{\h}{{\cal H}}
\newcommand{\s}{{\cal S}}
\newcommand{\W}{{\cal W}}
\newcommand{\BH}{\mathbf B(\cal H)}
\newcommand{\KH}{\cal  K(\cal H)}
\newcommand{\Real}{\mathbb R}
\newcommand{\Complex}{\mathbb C}
\newcommand{\Field}{\mathbb F}
\newcommand{\RPlus}{[0,\infty)}
\newcommand{\norm}[1]{\left\Vert#1\right\Vert}
\newcommand{\essnorm}[1]{\norm{#1}_{\text{\rm\normalshape ess}}}
\newcommand{\abs}[1]{\left\vert#1\right\vert}
\newcommand{\set}[1]{\left\{#1\right\}}
\newcommand{\seq}[1]{\left<#1\right>}
\newcommand{\eps}{\varepsilon}
\newcommand{\To}{\longrightarrow}
\newcommand{\RE}{\operatorname{Re}}
\newcommand{\IM}{\operatorname{Im}}
\newcommand{\Poly}{{\cal{P}}(E)}
\newcommand{\EssD}{{\cal{D}}}
\newcommand{\field}[1]{\mathbb{#1}}
\newcommand{\C}{\field{C}}
\newcommand{\R}{\field{R}}
\newcommand{\script}[1]{\mathcal{#1}}
\newcommand{\fall}{\; \forall \;}
\newcommand{\exts}{\; \exists \;}
\newcommand{\mbf}[1]{\mathbf{#1}}
\newcommand{\binomial}[2]{\biggl( \begin{array}{c}  #1 \\ #2  \\ \end{array} \biggr) }
\newcommand{\fderiv}[2]{ \frac{d}{ d #1} \: #2}
\newcommand{\sderiv}[2]{ \frac{d^2}{ d^2 #1} \: #2}
\newcommand{\pfderiv}[2]{ \frac{\partial}{ \partial #1} \: #2}
\newcommand{\psderiv}[2]{ \frac{\partial^2}{ \partial^2 #1} \: #2}
\newcommand{\mat}[1]{\mathbf{#1}}
\DeclareSymbolFont{AMSb}{U}{msb}{m}{n}
\DeclareMathSymbol{\dblz}{\mathalpha}{AMSb}{"5A}
\DeclareMathSymbol{\dblr}{\mathalpha}{AMSb}{"52}
\DeclareMathSymbol{\dblt}{\mathalpha}{AMSb}{"54}
\DeclareMathSymbol{\dblq}{\mathalpha}{AMSb}{"51}
\DeclareMathSymbol{\dbln}{\mathalpha}{AMSb}{"4E}
\DeclareMathSymbol{\dblf}{\mathalpha}{AMSb}{"46}
\DeclareMathSymbol{\dblc}{\mathalpha}{AMSb}{"43}
\DeclareMathSymbol{\dbld}{\mathalpha}{AMSb}{"44}
\theoremstyle{plain}
\newtheorem{thm}{Theorem}[section]
\newtheorem{cor}[thm]{Corollary}
\newtheorem{lem}[thm]{Lemma}
\newtheorem{prop}[thm]{Proposition}
\theoremstyle{definition}
\newtheorem{defn}{Definition}[section]
\theoremstyle{remark}
\newtheorem{rem}{Remark}[section]
\numberwithin{equation}{section}
\renewcommand{\theequation}{\thesection.\arabic{equation}}
\begin{document}
\title{Regression of KL Software Distribution   }
\author{KL Software Libraries}
\date{Sat May 03 07:38:33 2014
}
\maketitle
\textbf{ KL Library test output.  This LaTex file and the associated diagrams are produced by the KL software libraries.}
\subsubsection{Intel VSL Function Check}
\includegraphics[width=10.0cm,height=10.0cm]{klVSLInv.pdf}

\includegraphics[width=10.0cm,height=10.0cm]{klVSLSqrt.pdf}

\includegraphics[width=10.0cm,height=10.0cm]{klVSLExp.pdf}

\includegraphics[width=10.0cm,height=10.0cm]{klVSLExpm1.pdf}

\includegraphics[width=10.0cm,height=10.0cm]{klVSLLn.pdf}

\includegraphics[width=10.0cm,height=10.0cm]{klVSLLog10.pdf}

\includegraphics[width=10.0cm,height=10.0cm]{klVSLCos.pdf}

\includegraphics[width=10.0cm,height=10.0cm]{klVSLSin.pdf}

\includegraphics[width=10.0cm,height=10.0cm]{klVSLTan.pdf}

\includegraphics[width=10.0cm,height=10.0cm]{klVSLErf.pdf}

\includegraphics[width=10.0cm,height=10.0cm]{klVSLErfc.pdf}

\includegraphics[width=10.0cm,height=10.0cm]{klVSLCdfNorm.pdf}

\includegraphics[width=10.0cm,height=10.0cm]{klVSLErfInv.pdf}

\includegraphics[width=10.0cm,height=10.0cm]{klVSLLGamma.pdf}

\includegraphics[width=10.0cm,height=10.0cm]{klVSLTGamma.pdf}

QueryPerformanceCounter  =  14.7898
\subsubsection{Gram Matrix Consistency Check}
Sample Size = 4096
Feature dim = 3

$$Sigma$ = \left(
\begin{array}{
ccc}
+1.140 & +1.535 & +0.581 \\
+1.535 & +9.988 & +1.605 \\
+0.581 & +1.605 & +0.428 \\
\end{array}
\right)$ \newline 

$Sample Covariance = \left(
\begin{array}{
ccc}
+1.118 & +1.523 & +0.574 \\
+1.523 & +10.136 & +1.621 \\
+0.574 & +1.621 & +0.426 \\
\end{array}
\right)$ \newline 

$Sample Mean = \left(
\begin{array}{
ccc}
+0.98972 & +1.06338 & +1.00163 \\
\end{array}
\right)$ \newline 

$Sample Covariance-$Omega$ = \left(
\begin{array}{
ccc}
-0.022 & -0.012 & -0.008 \\
-0.012 & +0.147 & +0.016 \\
-0.008 & +0.016 & -0.002 \\
\end{array}
\right)$ \newline 

$Sample Covariance Eigs = \left(
\begin{array}{
ccc}
(+10.66599,+0.00000) & (+0.97527,+0.00000) & (+0.03839,+0.00000) \\
\end{array}
\right)$ \newline 

$Centered Mean = \left(
\begin{array}{
ccc}
-0.00000 & +0.00000 & +0.00000 \\
\end{array}
\right)$ \newline 

$Centered Covariance = \left(
\begin{array}{
ccc}
+1.118 & +1.523 & +0.574 \\
+1.523 & +10.136 & +1.621 \\
+0.574 & +1.621 & +0.426 \\
\end{array}
\right)$ \newline 

$Gram Matrix Gf Not scaled by sample size = \left(
\begin{array}{
ccc}
+4579.196 & +6237.240 & +2348.696 \\
+6237.240 & +41515.755 & +6637.642 \\
+2348.696 & +6637.642 & +1744.881 \\
\end{array}
\right)$ \newline 

$Gram Matrix Gf  scaled by sample size = \left(
\begin{array}{
ccc}
+1.118 & +1.523 & +0.573 \\
+1.523 & +10.136 & +1.621 \\
+0.573 & +1.621 & +0.426 \\
\end{array}
\right)$ \newline 

$SampleCovariance - Scaled Gf = \left(
\begin{array}{
ccc}
+0.000 & +0.000 & +0.000 \\
+0.000 & +0.002 & +0.000 \\
+0.000 & +0.000 & +0.000 \\
\end{array}
\right)$ \newline 

$EigenDecomp of SampleCovariance = \left(
\begin{array}{
ccc}
-0.165 & -0.973 & -0.163 \\
+0.918 & -0.212 & +0.334 \\
-0.359 & -0.095 & +0.928 \\
\end{array}
\right)$ \newline 

$EigenDecomp of Gram Matrix = \left(
\begin{array}{
ccc}
-0.113 & -0.976 & -0.187 \\
-0.303 & +0.213 & -0.929 \\
+0.946 & -0.049 & -0.320 \\
\end{array}
\right)$ \newline 

QueryPerformanceCounter  =  +9.957
\subsubsection{Eigen Solver Checks}
\subsubsection{Haar Distributed Random Orthogonal Matrix $A \in O(n)$}
 Testing Operator Norm
Number of Dimensions: 8

$A = \left(
\begin{array}{
cccccccc}
+0.450 & +0.200 & -0.489 & -0.392 & +0.200 & -0.220 & +0.216 & +0.480 \\
+0.267 & +0.436 & +0.434 & +0.218 & +0.142 & -0.347 & +0.537 & -0.271 \\
+0.447 & -0.285 & +0.297 & -0.415 & +0.473 & +0.072 & -0.321 & -0.356 \\
+0.254 & +0.436 & +0.187 & -0.318 & -0.673 & -0.051 & -0.387 & -0.058 \\
+0.396 & -0.165 & -0.576 & +0.358 & -0.213 & -0.112 & -0.032 & -0.544 \\
-0.116 & -0.567 & +0.140 & -0.236 & -0.296 & -0.692 & +0.148 & +0.034 \\
+0.509 & -0.386 & +0.284 & +0.235 & -0.301 & +0.410 & +0.261 & +0.360 \\
+0.179 & +0.037 & +0.129 & +0.535 & +0.199 & -0.404 & -0.567 & +0.373 \\
\end{array}
\right)$ \newline 

$Det(A) :   A \in O(n)$ = (-1.000,+0.000)

$L = \left(
\begin{array}{
cccccccc}
+1.000 & +0.000 & +0.000 & +0.000 & +0.000 & +0.000 & +0.000 & +0.000 \\
-0.227 & +1.000 & +0.000 & +0.000 & +0.000 & +0.000 & +0.000 & +0.000 \\
+0.777 & -0.205 & +1.000 & +0.000 & +0.000 & +0.000 & +0.000 & +0.000 \\
+0.884 & -0.827 & +0.756 & +1.000 & +0.000 & +0.000 & +0.000 & +0.000 \\
+0.500 & -0.960 & -0.320 & +0.662 & +1.000 & +0.000 & +0.000 & +0.000 \\
+0.524 & -0.975 & -0.642 & -0.007 & +0.086 & +1.000 & +0.000 & +0.000 \\
+0.878 & -0.082 & -0.085 & +0.730 & -0.539 & +0.145 & +1.000 & +0.000 \\
+0.352 & -0.264 & -0.110 & -0.491 & -0.296 & +0.865 & +0.955 & +1.000 \\
\end{array}
\right)$ \newline 

$U = \left(
\begin{array}{
cccccccc}
+0.509 & -0.386 & +0.284 & +0.235 & -0.301 & +0.410 & +0.261 & +0.360 \\
+0.000 & -0.654 & +0.204 & -0.182 & -0.364 & -0.599 & +0.208 & +0.116 \\
+0.000 & +0.000 & -0.755 & +0.138 & -0.054 & -0.553 & -0.192 & -0.800 \\
+0.000 & +0.000 & +0.000 & -0.855 & +0.205 & -0.659 & +0.302 & +0.862 \\
+0.000 & +0.000 & +0.000 & +0.000 & -1.026 & -0.572 & -0.580 & -0.954 \\
+0.000 & +0.000 & +0.000 & +0.000 & +0.000 & -1.457 & +0.532 & -0.772 \\
+0.000 & +0.000 & +0.000 & +0.000 & +0.000 & +0.000 & -1.160 & -1.762 \\
+0.000 & +0.000 & +0.000 & +0.000 & +0.000 & +0.000 & +0.000 & +2.681 \\
\end{array}
\right)$ \newline 

$L * U  = \left(
\begin{array}{
cccccccc}
+0.509 & -0.386 & +0.284 & +0.235 & -0.301 & +0.410 & +0.261 & +0.360 \\
-0.116 & -0.567 & +0.140 & -0.236 & -0.296 & -0.692 & +0.148 & +0.034 \\
+0.396 & -0.165 & -0.576 & +0.358 & -0.213 & -0.112 & -0.032 & -0.544 \\
+0.450 & +0.200 & -0.489 & -0.392 & +0.200 & -0.220 & +0.216 & +0.480 \\
+0.254 & +0.436 & +0.187 & -0.318 & -0.673 & -0.051 & -0.387 & -0.058 \\
+0.267 & +0.436 & +0.434 & +0.218 & +0.142 & -0.347 & +0.537 & -0.271 \\
+0.447 & -0.285 & +0.297 & -0.415 & +0.473 & +0.072 & -0.321 & -0.356 \\
+0.179 & +0.037 & +0.129 & +0.535 & +0.199 & -0.404 & -0.567 & +0.373 \\
\end{array}
\right)$ \newline 

$Det(L) :    = (+1.000,+0.000)     Det(U) :    = (+1.000,+0.000)     Det(LU) :    = (+1.000,+0.000)$

$||A||_{L_1}$  = +2.707

$||A||_{L_{\infty}}$ = +2.745

$||A^{-1}||_{L_1}$  = +2.745

$||A^{-1}||_{L_{\infty}}$ = +2.707

$||A||_{L_{\infty}} * ||A^{-1}||_{L_{\infty}} = +7.431$

$||A||_{L_1} * ||A^{-1}||_{L_1} = +7.431$

Frobenious Norm  $||A||_{\textit{F}}$ via $\sum\limits_{i,j =0}^{n} \|A_{i,j}|$   of  $A \in O(n)$  +2.828

$L_1$ condition number of Haar Distributed Random Orthogonal Matrix $A \in O(n)$ +6.033

$A = \left(
\begin{array}{
cccccccc}
+0.450 & +0.200 & -0.489 & -0.392 & +0.200 & -0.220 & +0.216 & +0.480 \\
+0.267 & +0.436 & +0.434 & +0.218 & +0.142 & -0.347 & +0.537 & -0.271 \\
+0.447 & -0.285 & +0.297 & -0.415 & +0.473 & +0.072 & -0.321 & -0.356 \\
+0.254 & +0.436 & +0.187 & -0.318 & -0.673 & -0.051 & -0.387 & -0.058 \\
+0.396 & -0.165 & -0.576 & +0.358 & -0.213 & -0.112 & -0.032 & -0.544 \\
-0.116 & -0.567 & +0.140 & -0.236 & -0.296 & -0.692 & +0.148 & +0.034 \\
+0.509 & -0.386 & +0.284 & +0.235 & -0.301 & +0.410 & +0.261 & +0.360 \\
+0.179 & +0.037 & +0.129 & +0.535 & +0.199 & -0.404 & -0.567 & +0.373 \\
\end{array}
\right)$ \newline 

$L_{\infty}$ condition number of Haar Distributed Random Orthogonal Matrix $A \in O(n)$ +6.798

Eigenvalues of $A \in O(n)$

(+0.616,+0.788), (+0.616,-0.788), (+0.261,+0.965), (+0.261,-0.965), (-0.580,+0.814), (-0.580,-0.814), (-1.000,+0.000), (+1.000,+0.000)

 $|\lambda | : \lambda \in \sigma(A) , A \in O(n)$

+1.000, +1.000, +1.000, +1.000, +1.000, +1.000, +1.000, +1.000


Calculating $A^{\dag} A,$  we expect $A^{\dag} A \approx I$

$A^{\dag} A = \left(
\begin{array}{
cccccccc}
+1.000 & +0.000 & -0.000 & -0.000 & +0.000 & -0.000 & +0.000 & +0.000 \\
+0.000 & +1.000 & -0.000 & -0.000 & -0.000 & -0.000 & -0.000 & +0.000 \\
-0.000 & -0.000 & +1.000 & +0.000 & -0.000 & +0.000 & +0.000 & +0.000 \\
-0.000 & -0.000 & +0.000 & +1.000 & +0.000 & -0.000 & -0.000 & -0.000 \\
+0.000 & -0.000 & -0.000 & +0.000 & +1.000 & -0.000 & +0.000 & -0.000 \\
-0.000 & -0.000 & +0.000 & -0.000 & -0.000 & +1.000 & +0.000 & -0.000 \\
+0.000 & -0.000 & +0.000 & -0.000 & +0.000 & +0.000 & +1.000 & +0.000 \\
+0.000 & +0.000 & +0.000 & -0.000 & -0.000 & -0.000 & +0.000 & +1.000 \\
\end{array}
\right)$ \newline 

Calculating $A^{-1} ,  A \in O(n)$.

$A^{-1} = \left(
\begin{array}{
cccccccc}
+0.450 & +0.267 & +0.447 & +0.254 & +0.396 & -0.116 & +0.509 & +0.179 \\
+0.200 & +0.436 & -0.285 & +0.436 & -0.165 & -0.567 & -0.386 & +0.037 \\
-0.489 & +0.434 & +0.297 & +0.187 & -0.576 & +0.140 & +0.284 & +0.129 \\
-0.392 & +0.218 & -0.415 & -0.318 & +0.358 & -0.236 & +0.235 & +0.535 \\
+0.200 & +0.142 & +0.473 & -0.673 & -0.213 & -0.296 & -0.301 & +0.199 \\
-0.220 & -0.347 & +0.072 & -0.051 & -0.112 & -0.692 & +0.410 & -0.404 \\
+0.216 & +0.537 & -0.321 & -0.387 & -0.032 & +0.148 & +0.261 & -0.567 \\
+0.480 & -0.271 & -0.356 & -0.058 & -0.544 & +0.034 & +0.360 & +0.373 \\
\end{array}
\right)$ \newline 

Calculating $A^{-1} *A  ,  A \in O(n)$.   We expect $A^{-1} *A  \approx I$. 

$A^{-1} *A = \left(
\begin{array}{
cccccccc}
+1.000 & +0.000 & -0.000 & -0.000 & +0.000 & -0.000 & +0.000 & -0.000 \\
+0.000 & +1.000 & +0.000 & +0.000 & +0.000 & -0.000 & +0.000 & -0.000 \\
+0.000 & +0.000 & +1.000 & -0.000 & +0.000 & -0.000 & +0.000 & -0.000 \\
+0.000 & -0.000 & -0.000 & +1.000 & -0.000 & -0.000 & -0.000 & -0.000 \\
+0.000 & -0.000 & -0.000 & -0.000 & +1.000 & +0.000 & -0.000 & -0.000 \\
+0.000 & -0.000 & +0.000 & -0.000 & +0.000 & +1.000 & -0.000 & +0.000 \\
+0.000 & +0.000 & -0.000 & +0.000 & -0.000 & +0.000 & +1.000 & +0.000 \\
-0.000 & +0.000 & +0.000 & +0.000 & -0.000 & +0.000 & -0.000 & +1.000 \\
\end{array}
\right)$ \newline 

Calculating SVD of  $A \in O(n)$

$U = \left(
\begin{array}{
cccccccc}
-0.450 & -0.200 & +0.489 & +0.392 & -0.200 & +0.220 & -0.216 & -0.480 \\
-0.261 & -0.446 & +0.242 & +0.048 & +0.043 & -0.538 & -0.249 & +0.564 \\
-0.292 & +0.545 & +0.238 & +0.272 & -0.082 & +0.304 & +0.243 & +0.574 \\
-0.265 & +0.509 & +0.024 & -0.404 & -0.481 & -0.446 & -0.211 & -0.178 \\
+0.631 & +0.040 & +0.692 & -0.230 & -0.145 & +0.112 & -0.161 & +0.093 \\
+0.115 & -0.369 & -0.213 & +0.066 & -0.825 & +0.132 & +0.279 & +0.160 \\
-0.386 & -0.241 & +0.033 & -0.720 & +0.076 & +0.499 & -0.048 & +0.126 \\
+0.117 & +0.099 & -0.346 & +0.176 & -0.116 & +0.303 & -0.825 & +0.199 \\
\end{array}
\right)$ \newline 

$S = \left(
\begin{array}{
cccccccc}
+1.000 & +0.000 & +0.000 & +0.000 & +0.000 & +0.000 & +0.000 & +0.000 \\
+0.000 & +1.000 & +0.000 & +0.000 & +0.000 & +0.000 & +0.000 & +0.000 \\
+0.000 & +0.000 & +1.000 & +0.000 & +0.000 & +0.000 & +0.000 & +0.000 \\
+0.000 & +0.000 & +0.000 & +1.000 & +0.000 & +0.000 & +0.000 & +0.000 \\
+0.000 & +0.000 & +0.000 & +0.000 & +1.000 & +0.000 & +0.000 & +0.000 \\
+0.000 & +0.000 & +0.000 & +0.000 & +0.000 & +1.000 & +0.000 & +0.000 \\
+0.000 & +0.000 & +0.000 & +0.000 & +0.000 & +0.000 & +1.000 & +0.000 \\
+0.000 & +0.000 & +0.000 & +0.000 & +0.000 & +0.000 & +0.000 & +1.000 \\
\end{array}
\right)$ \newline 

$V = \left(
\begin{array}{
cccccccc}
-1.000 & -0.000 & +0.000 & -0.000 & -0.000 & +0.000 & -0.000 & -0.000 \\
-0.000 & -0.243 & +0.180 & +0.095 & +0.265 & -0.265 & -0.573 & -0.656 \\
-0.000 & -0.076 & -0.627 & -0.217 & +0.530 & -0.461 & +0.247 & +0.009 \\
+0.000 & -0.169 & +0.033 & +0.726 & +0.530 & +0.239 & -0.033 & +0.323 \\
+0.000 & -0.400 & -0.582 & -0.092 & -0.265 & +0.318 & -0.529 & +0.202 \\
+0.000 & +0.648 & -0.437 & +0.255 & +0.000 & +0.350 & -0.015 & -0.450 \\
+0.000 & +0.023 & +0.192 & -0.577 & +0.530 & +0.589 & -0.049 & -0.020 \\
+0.000 & +0.572 & +0.081 & -0.104 & +0.132 & -0.301 & -0.572 & +0.470 \\
\end{array}
\right)$ \newline 

$U S V = \left(
\begin{array}{
cccccccc}
+0.450 & -0.112 & -0.390 & +0.409 & +0.288 & -0.048 & +0.609 & -0.098 \\
+0.261 & +0.032 & -0.023 & -0.116 & -0.034 & -0.473 & -0.011 & +0.832 \\
+0.292 & +0.368 & -0.034 & +0.082 & +0.641 & -0.139 & -0.564 & -0.156 \\
+0.265 & -0.260 & +0.483 & -0.180 & -0.075 & -0.622 & +0.101 & -0.440 \\
-0.631 & +0.156 & -0.422 & -0.188 & +0.221 & -0.514 & +0.186 & -0.127 \\
-0.115 & +0.608 & +0.559 & -0.009 & +0.212 & +0.112 & +0.486 & +0.105 \\
+0.386 & +0.541 & -0.349 & -0.418 & -0.457 & +0.009 & +0.053 & -0.223 \\
-0.117 & +0.310 & +0.034 & +0.755 & -0.444 & -0.301 & -0.164 & -0.061 \\
\end{array}
\right)$ \newline 

Calculating first few eigenvectors of $A \in O(n)$ using LAPACK syevx

\subsubsection{Wishart Matrix $A \in W(n)$}
$L_1$ condition number of Wishart Matrix +1489.694
$L_infty$ condition number of Wishart Matrix +1489.694
\subsubsection{Gaussian Orthogonal Ensemble $A \in GOE(n)$}
$L_1$ condition number of GOE Matrix +66.900
$L_\infty$ condition number of GOE Matrix +66.900
\subsubsection{The Identity Matrix $I \in M(n)$}
$L_1$ condition number of $I$ = +1.000
$L_\infty$ condition number of $I$ = +1.000
QueryPerformanceCounter  =  +0.495
\subsubsection{Generate Tracey Widom Sample}
\subsubsection{Sample from $W_n m$ times and calculate empirical PDF of the first eig}
Here we generate histograms of $\lambda_1$ for GOE (Gaussian Orthogonal Ensemble), and W (Wishart) 		 distributed of random matrices
These should approximate the celebrated Tracy Widom distribution.
Dimension $n = 128$

Sample size $m = 32$

\includegraphics[width=10.0cm,height=10.0cm]{Re_TraceyWidom.pdf}

\includegraphics[width=10.0cm,height=10.0cm]{Im_TraceyWidom.pdf}

\includegraphics[width=10.0cm,height=10.0cm]{Re_Winger.pdf}

\includegraphics[width=10.0cm,height=10.0cm]{Im_Winger.pdf}

QueryPerformanceCounter  =  +5.304
\subsubsection{Approximate Winger Distribution}
\subsubsection{Verfy Winger Law.}
Let $M_n = [X_{ij} ]$ a symmetric n x n matrix with Random entries such that $X_{i,j} = X_{j,i}$, 		  and $X_{i,j}$ are iid $orall i < j,$ and $Xjj$ are iid $orall j  :  ; E[X^2_{ij} ] = 1, & E[X_{ij}] = 0$ 		  and that all moments exists for each of the entries.  		  The eigenvector of this random matrix; $ lambda_1 leq ... leq lambda_n$ depends continuously on $Mn$.
Dimension $n = 512$

\includegraphics[width=10.0cm,height=10.0cm]{Re_lambda_n.pdf}

\includegraphics[width=10.0cm,height=10.0cm]{Im_lambda_n.pdf}

QueryPerformanceCounter  =  +2.462
\subsubsection{Iterated Exponential Filtering }
$\mu_1 =+0.093$
$\mu_2 =+0.726$
$\mu_3 =+0.011$
$\mu_4 =+2.178$
\includegraphics[width=10.0cm,height=10.0cm]{DIFF.pdf}

QueryPerformanceCounter  =  +1.282
\subsubsection{Matrix Exponential }
$SPD Matrix = \left(
\begin{array}{
cccccccc}
+10.539 & -0.499 & -0.010 & +0.368 & +0.465 & -0.492 & -0.126 & +0.437 \\
-0.499 & +7.286 & +0.365 & -0.481 & -0.337 & -0.466 & +0.279 & +0.056 \\
-0.010 & +0.365 & +6.705 & -0.205 & +0.467 & +0.131 & +0.077 & -0.089 \\
+0.368 & -0.481 & -0.205 & +6.496 & -0.402 & -0.209 & +0.043 & -0.041 \\
+0.465 & -0.337 & +0.467 & -0.402 & +4.578 & +0.272 & +0.289 & -0.285 \\
-0.492 & -0.466 & +0.131 & -0.209 & +0.272 & +8.181 & +0.343 & -0.244 \\
-0.126 & +0.279 & +0.077 & +0.043 & +0.289 & +0.343 & +5.938 & -0.212 \\
+0.437 & +0.056 & -0.089 & -0.041 & -0.285 & -0.244 & -0.212 & +9.691 \\
\end{array}
\right)$ \newline 

$SPD Eigs = \left(
\begin{array}{
cccccccc}
(+10.93611,+0.00000) & (+9.60778,+0.00000) & (+4.23666,+0.00000) & (+8.36911,+0.00000) & (+7.56229,+0.00000) & (+5.82791,+0.00000) & (+6.54198,+0.00000) & (+6.33139,+0.00000) \\
\end{array}
\right)$ \newline 

$exp(SPD) = \left(
\begin{array}{
cccccccc}
+47863.969 & -6460.093 & -1078.770 & +4706.958 & +2535.224 & -8475.398 & -2406.368 & +12977.552 \\
-6460.093 & +2780.574 & +516.920 & -1069.918 & -548.083 & -109.707 & +386.466 & -807.216 \\
-1078.770 & +516.920 & +1015.281 & -385.755 & +176.069 & +458.541 & +212.284 & -859.022 \\
+4706.958 & -1069.918 & -385.755 & +1267.210 & +111.181 & -1018.272 & -287.809 & +1036.628 \\
+2535.224 & -548.083 & +176.069 & +111.181 & +413.265 & +135.193 & +45.490 & -502.411 \\
-8475.398 & -109.707 & +458.541 & -1018.272 & +135.193 & +5613.026 & +968.003 & -4270.737 \\
-2406.368 & +386.466 & +212.284 & -287.809 & +45.490 & +968.003 & +632.432 & -1645.725 \\
+12977.552 & -807.216 & -859.022 & +1036.628 & -502.411 & -4270.737 & -1645.725 & +19362.944 \\
\end{array}
\right)$ \newline 

$exp(SPD) eigs = \left(
\begin{array}{
cccccccc}
(+56168.17045,+0.00000) & (+14880.07985,+0.00000) & (+4311.77579,+0.00000) & (+1924.25027,+0.00000) & (+69.17669,+0.00000) & (+339.64809,+0.00000) & (+693.66208,+0.00000) & (+561.93669,+0.00000) \\
\end{array}
\right)$ \newline 

$log(exp(SPD) eigs)  = \left(
\begin{array}{
cccccccc}
(+10.93611,+0.00000) & (+9.60778,+0.00000) & (+8.36911,+0.00000) & (+7.56229,+0.00000) & (+4.23666,+0.00000) & (+5.82791,+0.00000) & (+6.54198,+0.00000) & (+6.33139,+0.00000) \\
\end{array}
\right)$ \newline 

$exp(Id) = \left(
\begin{array}{
cccccccc}
+2.718 & +0.000 & +0.000 & +0.000 & +0.000 & +0.000 & +0.000 & +0.000 \\
+0.000 & +2.718 & +0.000 & +0.000 & +0.000 & +0.000 & +0.000 & +0.000 \\
+0.000 & +0.000 & +2.718 & +0.000 & +0.000 & +0.000 & +0.000 & +0.000 \\
+0.000 & +0.000 & +0.000 & +2.718 & +0.000 & +0.000 & +0.000 & +0.000 \\
+0.000 & +0.000 & +0.000 & +0.000 & +2.718 & +0.000 & +0.000 & +0.000 \\
+0.000 & +0.000 & +0.000 & +0.000 & +0.000 & +2.718 & +0.000 & +0.000 \\
+0.000 & +0.000 & +0.000 & +0.000 & +0.000 & +0.000 & +2.718 & +0.000 \\
+0.000 & +0.000 & +0.000 & +0.000 & +0.000 & +0.000 & +0.000 & +2.718 \\
\end{array}
\right)$ \newline 

$exp(Id) eigs = \left(
\begin{array}{
cccccccc}
(+2.71828,+0.00000) & (+2.71828,+0.00000) & (+2.71828,+0.00000) & (+2.71828,+0.00000) & (+2.71828,+0.00000) & (+2.71828,+0.00000) & (+2.71828,+0.00000) & (+2.71828,+0.00000) \\
\end{array}
\right)$ \newline 

$log(exp(Id) eigs)  = \left(
\begin{array}{
cccccccc}
(+1.00000,+0.00000) & (+1.00000,+0.00000) & (+1.00000,+0.00000) & (+1.00000,+0.00000) & (+1.00000,+0.00000) & (+1.00000,+0.00000) & (+1.00000,+0.00000) & (+1.00000,+0.00000) \\
\end{array}
\right)$ \newline 

For $n  \in  \dblz [16,128)$ we calculate  $|( SPD(n) Eigs - log(exp(SPD(n)) eigs)|_{l^2}$

$|( SPD(n) Eigs - log(exp(SPD(n)) eigs)|_{l^2} = \left(
\begin{array}{
cccccccccccccccccccccccccccccccccccccccccccccccccccccccccccccccccccccccccccccccccccccccccccccccccccccccccccccccc}
(+5.36543,+0.00000) & (+5.36543,+0.00000) & (+5.36543,+0.00000) & (+5.36543,+0.00000) & (+5.36543,+0.00000) & (+5.36543,+0.00000) & (+5.36543,+0.00000) & (+5.36543,+0.00000) & (+5.36543,+0.00000) & (+5.36543,+0.00000) & (+5.36543,+0.00000) & (+5.36543,+0.00000) & (+5.36543,+0.00000) & (+5.36543,+0.00000) & (+5.36543,+0.00000) & (+5.36543,+0.00000) & (+5.36543,+0.00000) & (+5.36543,+0.00000) & (+5.36543,+0.00000) & (+5.36543,+0.00000) & (+5.36543,+0.00000) & (+5.36543,+0.00000) & (+5.36543,+0.00000) & (+5.36543,+0.00000) & (+5.36543,+0.00000) & (+5.36543,+0.00000) & (+5.36543,+0.00000) & (+5.36543,+0.00000) & (+5.36543,+0.00000) & (+5.36543,+0.00000) & (+5.36543,+0.00000) & (+5.36543,+0.00000) & (+5.36543,+0.00000) & (+5.36543,+0.00000) & (+5.36543,+0.00000) & (+5.36543,+0.00000) & (+5.36543,+0.00000) & (+5.36543,+0.00000) & (+5.36543,+0.00000) & (+5.36543,+0.00000) & (+5.36543,+0.00000) & (+5.36543,+0.00000) & (+5.36543,+0.00000) & (+5.36543,+0.00000) & (+5.36543,+0.00000) & (+5.36543,+0.00000) & (+5.36543,+0.00000) & (+5.36543,+0.00000) & (+0.00000,+0.00000) & (+0.00000,+0.00000) & (+0.00000,+0.00000) & (+0.00000,+0.00000) & (+0.00000,+0.00000) & (+0.00000,+0.00000) & (+0.00000,+0.00000) & (+0.00000,+0.00000) & (+0.00000,+0.00000) & (+0.00000,+0.00000) & (+0.00000,+0.00000) & (+0.00000,+0.00000) & (+0.00000,+0.00000) & (+0.00000,+0.00000) & (+0.00000,+0.00000) & (+0.00000,+0.00000) & (+0.00000,+0.00000) & (+0.00000,+0.00000) & (+0.00000,+0.00000) & (+0.00000,+0.00000) & (+0.00000,+0.00000) & (+0.00000,+0.00000) & (+0.00000,+0.00000) & (+0.00000,+0.00000) & (+0.00000,+0.00000) & (+0.00000,+0.00000) & (+0.00000,+0.00000) & (+0.00000,+0.00000) & (+0.00000,+0.00000) & (+0.00000,+0.00000) & (+0.00000,+0.00000) & (+0.00000,+0.00000) & (+0.00000,+0.00000) & (+0.00000,+0.00000) & (+0.00000,+0.00000) & (+0.00000,+0.00000) & (+0.00000,+0.00000) & (+0.00000,+0.00000) & (+0.00000,+0.00000) & (+0.00000,+0.00000) & (+0.00000,+0.00000) & (+0.00000,+0.00000) & (+0.00000,+0.00000) & (+0.00000,+0.00000) & (+0.00000,+0.00000) & (+0.00000,+0.00000) & (+0.00000,+0.00000) & (+0.00000,+0.00000) & (+0.00000,+0.00000) & (+0.00000,+0.00000) & (+0.00000,+0.00000) & (+0.00000,+0.00000) & (+0.00000,+0.00000) & (+0.00000,+0.00000) & (+0.00000,+0.00000) & (+0.00000,+0.00000) & (+0.00000,+0.00000) & (+0.00000,+0.00000) & (+0.00000,+0.00000) & (+0.00000,+0.00000) & (+0.00000,+0.00000) & (+0.00000,+0.00000) & (+0.00000,+0.00000) & (+0.00000,+0.00000) \\
\end{array}
\right)$ \newline 

QueryPerformanceCounter  =  +0.01504
The sample size generated for this run is 100000.

\newpage
uniform \begin{tabular}{|c|c|c|c|}  mean & variance & skewness & kurtosis \\  \hline
$\mu_1 = +0.50030$ & $\mu_2 = +0.08353$ & $\mu_3 = +0.00339$ & $\mu_4 =+1.80113$ \\
\end{tabular}

\includegraphics[width=5cm,height=5cm]{uniform.pdf}

cauchy \begin{tabular}{|c|c|c|c|}  mean & variance & skewness & kurtosis \\  \hline
$\mu_1 = +0.44288$ & $\mu_2 = +0.05341$ & $\mu_3 = +0.63935$ & $\mu_4 =+3.28094$ \\
\end{tabular}

\includegraphics[width=5cm,height=5cm]{cauchy.pdf}

exponential \begin{tabular}{|c|c|c|c|}  mean & variance & skewness & kurtosis \\  \hline
$\mu_1 = +1.99647$ & $\mu_2 = +3.99339$ & $\mu_3 = +2.03097$ & $\mu_4 =+9.30842$ \\
\end{tabular}

\includegraphics[width=5cm,height=5cm]{exponential.pdf}

\newpage
gamma \begin{tabular}{|c|c|c|c|}  mean & variance & skewness & kurtosis \\  \hline
$\mu_1 = +1.89741$ & $\mu_2 = +1.88673$ & $\mu_3 = +1.43408$ & $\mu_4 =+6.04031$ \\
\end{tabular}

\includegraphics[width=5cm,height=5cm]{gamma.pdf}

GIG \begin{tabular}{|c|c|c|c|}  mean & variance & skewness & kurtosis \\  \hline
$\mu_1 = +0.80863$ & $\mu_2 = +11.56285$ & $\mu_3 = +14.83966$ & $\mu_4 =+289.92717$ \\
\end{tabular}

\includegraphics[width=5cm,height=5cm]{GIG.pdf}

normal-box-muller \begin{tabular}{|c|c|c|c|}  mean & variance & skewness & kurtosis \\  \hline
$\mu_1 = +0.00544$ & $\mu_2 = +1.00136$ & $\mu_3 = -0.00337$ & $\mu_4 =+2.98020$ \\
\end{tabular}

\includegraphics[width=5cm,height=5cm]{normal-box-muller.pdf}

\newpage
normal-inverse-approximation \begin{tabular}{|c|c|c|c|}  mean & variance & skewness & kurtosis \\  \hline
$\mu_1 = +0.00230$ & $\mu_2 = +1.00486$ & $\mu_3 = +0.01163$ & $\mu_4 =+2.99254$ \\
\end{tabular}

\includegraphics[width=5cm,height=5cm]{normal-inverse-approximation.pdf}

pareto \begin{tabular}{|c|c|c|c|}  mean & variance & skewness & kurtosis \\  \hline
$\mu_1 = +3184578.26493$ & $\mu_2 = +888468246174112900.00000$ & $\mu_3 = +315.36997$ & $\mu_4 =+99629.09819$ \\
\end{tabular}

\includegraphics[width=5cm,height=5cm]{pareto.pdf}

poisson \begin{tabular}{|c|c|c|c|}  mean & variance & skewness & kurtosis \\  \hline
$\mu_1 = +1.10672$ & $\mu_2 = +0.13185$ & $\mu_3 = +3.87978$ & $\mu_4 =+20.44372$ \\
\end{tabular}

\includegraphics[width=5cm,height=5cm]{poisson.pdf}

\newpage
beta \begin{tabular}{|c|c|c|c|}  mean & variance & skewness & kurtosis \\  \hline
$\mu_1 = +0.33288$ & $\mu_2 = +0.12633$ & $\mu_3 = +0.68142$ & $\mu_4 =+1.91652$ \\
\end{tabular}

\includegraphics[width=5cm,height=5cm]{beta.pdf}

QueryPerformanceCounter  =  +10.63699
\subsubsection{Multiclass Support Vector Machine }
\begin{itemize}
\item Number or training points = 1024
\item Feature dimension = 3
\item Number or classes = 3
\end{itemize}
{The mean vectors of the 3 classes}

$\mu_1 = \left(
\begin{array}{
ccc}
+1.90000 & +0.10000 & +0.10000 \\
\end{array}
\right)$ \newline 

$\mu_2 = \left(
\begin{array}{
ccc}
+0.10000 & +1.90000 & +0.10000 \\
\end{array}
\right)$ \newline 

$\mu_3 = \left(
\begin{array}{
ccc}
+0.00000 & +0.00000 & +1.90000 \\
\end{array}
\right)$ \newline 

A random SPD covairance matrix is generated for each of the classes.\newline

$\rho_1 = \left(
\begin{array}{
ccc}
+2.626 & -0.366 & -0.024 \\
-0.366 & +2.980 & -0.293 \\
-0.024 & -0.293 & +4.003 \\
\end{array}
\right)$ \newline 

$\rho_2 = \left(
\begin{array}{
ccc}
+1.588 & -0.158 & +0.028 \\
-0.158 & +2.618 & -0.482 \\
+0.028 & -0.482 & +4.240 \\
\end{array}
\right)$ \newline 

$\rho_3 = \left(
\begin{array}{
ccc}
+2.622 & +0.277 & -0.394 \\
+0.277 & +4.170 & -0.158 \\
-0.394 & -0.158 & +1.982 \\
\end{array}
\right)$ \newline 

Verify $L_1$ condition number of covariance. The diagonal entries of the matrix have the form $(0.5 + U(0,1) )*dim(Dom(Cov))$
The lower-diagonal entries take the form $U(0,1) - 0.5$. 
The $L_1$ condition numbers are :
\begin{itemize}
\item +1.908
\item +3.191
\item +2.819
\end{itemize}
\includegraphics[width=10.0cm,height=10.0cm]{rv1_corr.pdf}

\includegraphics[width=10.0cm,height=10.0cm]{rv2_corr.pdf}

\includegraphics[width=10.0cm,height=10.0cm]{rv3_corr.pdf}

\includegraphics[width=10.0cm,height=10.0cm]{trainingPoints.pdf}

These are the SVM parameters - the RBF kernel is used\begin{itemize}
\item allOutlierFraction=0.05
\item mixingCoeff=0.3
\item smoThresh=1.0/10000.0
\item sigma=1
\end{itemize}
\includegraphics[width=10.0cm,height=10.0cm]{testPoints.pdf}

The marginal sample moments (mean var skew kurtosis) for training points.\newline
\begin{tabular}{ c |  c  c  c  c}
Feature & $\mu_1$ & $\mu_2$ & $\mu_3$ & $\mu_4$ \\
0 & +0.670 & +1.218 & +0.367& +2.346 \\
\hline
1 & +0.705 & +1.323 & +0.176& +2.283 \\
\hline
2 & +0.693 & +1.377 & -0.008& +2.277 \\
\hline
\end{tabular}
\newline
The marginal sample moments (mean var skew kurtosis) for test points.\newline
\begin{tabular}{ c | c  c  c  c}
Feature & $\mu_1$ & $\mu_2$ & $\mu_3$ & $\mu_4$ \\
0 & +0.676 & +1.151 & +0.486& +2.474\\
\hline
1 & +0.669 & +1.320 & +0.231& +2.281\\
\hline
2 & +0.723 & +1.305 & +0.010& +2.197\\
\hline
\end{tabular}\newline
\includegraphics[width=10.0cm,height=10.0cm]{classDiffs.pdf}

The error rate for this run is +0.175\newline
QueryPerformanceCounter  =  +6.348
\subsubsection{Semidefinite Programming SDPA}
QueryPerformanceCounter  =  +0.026
\subsubsection{Linear Regression 3x1}
\subsubsection{3 x 1 Linear Regression}
Sample size = 64

Number of features = 3

$\sigma = \left(
\begin{array}{
ccc}
+3.952 & -0.499 & -0.010 \\
-0.499 & +1.895 & +0.465 \\
-0.010 & +0.465 & +4.477 \\
\end{array}
\right)$ \newline 

\includegraphics[width=10.0cm,height=10.0cm]{regression_features.pdf}

Beta
+0.817, +0.999, +0.510

Response
-2.529
+1.425
-2.317
+1.007
+2.955
+1.615
-0.267
+5.363
-4.456
-0.787
-2.084
+3.240
-1.229
+4.464
+2.240
+0.706
-1.113
+1.343
-2.178
+2.548
-0.005
+1.568
+2.394
+1.646
-1.049
+2.115
-3.229
+3.029
-1.070
-4.796
+3.092
+3.002
+2.529
+3.374
+1.750
-0.867
-2.135
+1.168
+1.157
+0.219
-0.777
-1.648
-0.234
-0.183
+2.639
+1.935
+0.061
+2.479
-1.675
+4.541
+0.128
-0.529
+0.027
-4.666
-3.477
-3.309
-3.676
+0.008
+1.941
+2.627
+0.107
+2.646
-3.785
+3.918
Estimate for Beta
-0.000
-0.000
-0.000
Error:
-0.000, -0.000, -0.000


QueryPerformanceCounter  =  +1.196
\subsubsection{Matrix Norms}
\subsubsection{Haar Distributed Random Orthogonal Matrix $A \in O(n)$}
 Testing Operator Norm
Number of Dimensions: 12

$A = \left(
\begin{array}{
cccccccccccc}
+0.238 & +0.244 & +0.342 & -0.223 & -0.202 & +0.303 & +0.210 & -0.034 & +0.219 & +0.484 & +0.351 & -0.365 \\
-0.161 & +0.022 & +0.156 & +0.053 & -0.097 & +0.258 & -0.459 & -0.115 & +0.417 & +0.197 & +0.104 & +0.650 \\
-0.010 & +0.490 & -0.118 & +0.270 & +0.549 & -0.103 & -0.169 & -0.478 & -0.173 & +0.220 & +0.140 & -0.072 \\
+0.033 & +0.235 & -0.118 & +0.046 & +0.142 & +0.162 & +0.751 & -0.148 & +0.337 & -0.214 & -0.112 & +0.353 \\
+0.362 & +0.288 & -0.076 & +0.095 & +0.344 & +0.198 & -0.261 & +0.584 & +0.315 & -0.108 & -0.269 & -0.144 \\
+0.157 & +0.109 & +0.134 & +0.637 & -0.356 & -0.487 & +0.124 & +0.132 & +0.101 & +0.312 & -0.174 & +0.069 \\
-0.243 & +0.020 & -0.690 & -0.129 & +0.005 & -0.102 & +0.107 & +0.374 & +0.026 & +0.445 & +0.278 & +0.103 \\
-0.113 & +0.036 & +0.003 & -0.365 & +0.065 & -0.612 & -0.108 & -0.169 & +0.612 & -0.126 & +0.006 & -0.209 \\
-0.564 & +0.491 & -0.109 & +0.162 & -0.420 & +0.213 & -0.095 & +0.015 & +0.053 & -0.280 & -0.068 & -0.293 \\
+0.600 & +0.129 & -0.443 & -0.007 & -0.406 & -0.005 & -0.182 & -0.245 & -0.002 & -0.300 & +0.273 & +0.068 \\
-0.009 & -0.480 & -0.331 & +0.297 & +0.017 & +0.314 & -0.027 & -0.341 & +0.337 & +0.190 & -0.275 & -0.361 \\
+0.104 & +0.245 & -0.119 & -0.439 & -0.192 & -0.003 & -0.056 & -0.178 & -0.184 & +0.324 & -0.706 & +0.116 \\
\end{array}
\right)$ \newline 

$Det(A) :   A \in O(n)$ = (+1.000,+0.000)

$L = \left(
\begin{array}{
cccccccccccc}
+1.000 & +0.000 & +0.000 & +0.000 & +0.000 & +0.000 & +0.000 & +0.000 & +0.000 & +0.000 & +0.000 & +0.000 \\
-0.939 & +1.000 & +0.000 & +0.000 & +0.000 & +0.000 & +0.000 & +0.000 & +0.000 & +0.000 & +0.000 & +0.000 \\
-0.405 & +0.118 & +1.000 & +0.000 & +0.000 & +0.000 & +0.000 & +0.000 & +0.000 & +0.000 & +0.000 & +0.000 \\
+0.261 & +0.123 & -0.390 & +1.000 & +0.000 & +0.000 & +0.000 & +0.000 & +0.000 & +0.000 & +0.000 & +0.000 \\
-0.017 & +0.805 & -0.368 & +0.159 & +1.000 & +0.000 & +0.000 & +0.000 & +0.000 & +0.000 & +0.000 & +0.000 \\
-0.015 & -0.781 & +0.926 & +0.993 & -0.318 & +1.000 & +0.000 & +0.000 & +0.000 & +0.000 & +0.000 & +0.000 \\
+0.055 & +0.372 & -0.126 & -0.053 & +0.373 & +0.115 & +1.000 & +0.000 & +0.000 & +0.000 & +0.000 & +0.000 \\
+0.604 & +0.343 & -0.460 & -0.041 & +0.694 & +0.191 & +0.062 & +1.000 & +0.000 & +0.000 & +0.000 & +0.000 \\
-0.188 & +0.097 & +0.035 & -0.670 & -0.041 & -0.939 & -0.483 & -0.747 & +1.000 & +0.000 & +0.000 & +0.000 \\
+0.396 & +0.316 & -0.846 & -0.706 & +0.027 & -0.240 & +0.495 & +0.167 & +0.063 & +1.000 & +0.000 & +0.000 \\
+0.173 & +0.364 & -0.184 & -0.929 & -0.005 & -0.578 & -0.001 & -0.286 & +0.090 & +0.565 & +1.000 & +0.000 \\
-0.268 & +0.093 & -0.107 & +0.037 & -0.111 & +0.203 & -0.406 & +0.127 & +0.340 & +0.460 & -0.178 & +1.000 \\
\end{array}
\right)$ \newline 

$U = \left(
\begin{array}{
cccccccccccc}
+0.600 & +0.129 & -0.443 & -0.007 & -0.406 & -0.005 & -0.182 & -0.245 & -0.002 & -0.300 & +0.273 & +0.068 \\
+0.000 & +0.612 & -0.524 & +0.156 & -0.801 & +0.208 & -0.266 & -0.215 & +0.051 & -0.562 & +0.188 & -0.229 \\
+0.000 & +0.000 & -0.807 & -0.150 & -0.065 & -0.128 & +0.065 & +0.300 & +0.019 & +0.390 & +0.367 & +0.157 \\
+0.000 & +0.000 & +0.000 & +0.562 & -0.177 & -0.561 & +0.230 & +0.339 & +0.103 & +0.611 & -0.126 & +0.141 \\
+0.000 & +0.000 & +0.000 & +0.000 & +1.191 & -0.228 & +0.030 & -0.253 & -0.223 & +0.714 & +0.148 & +0.148 \\
+0.000 & +0.000 & +0.000 & +0.000 & +0.000 & +1.079 & -0.516 & -1.207 & +0.187 & -0.994 & -0.291 & -0.777 \\
+0.000 & +0.000 & +0.000 & +0.000 & +0.000 & +0.000 & +0.928 & +0.235 & +0.387 & -0.059 & -0.180 & +0.495 \\
+0.000 & +0.000 & +0.000 & +0.000 & +0.000 & +0.000 & +0.000 & +1.349 & +0.407 & +0.168 & -0.371 & -0.014 \\
+0.000 & +0.000 & +0.000 & +0.000 & +0.000 & +0.000 & +0.000 & +0.000 & +1.332 & -0.539 & -0.689 & -0.580 \\
+0.000 & +0.000 & +0.000 & +0.000 & +0.000 & +0.000 & +0.000 & +0.000 & +0.000 & +1.319 & +0.525 & -0.484 \\
+0.000 & +0.000 & +0.000 & +0.000 & +0.000 & +0.000 & +0.000 & +0.000 & +0.000 & +0.000 & -1.380 & +0.221 \\
+0.000 & +0.000 & +0.000 & +0.000 & +0.000 & +0.000 & +0.000 & +0.000 & +0.000 & +0.000 & +0.000 & +1.538 \\
\end{array}
\right)$ \newline 

$L * U  = \left(
\begin{array}{
cccccccccccc}
+0.600 & +0.129 & -0.443 & -0.007 & -0.406 & -0.005 & -0.182 & -0.245 & -0.002 & -0.300 & +0.273 & +0.068 \\
-0.564 & +0.491 & -0.109 & +0.162 & -0.420 & +0.213 & -0.095 & +0.015 & +0.053 & -0.280 & -0.068 & -0.293 \\
-0.243 & +0.020 & -0.690 & -0.129 & +0.005 & -0.102 & +0.107 & +0.374 & +0.026 & +0.445 & +0.278 & +0.103 \\
+0.157 & +0.109 & +0.134 & +0.637 & -0.356 & -0.487 & +0.124 & +0.132 & +0.101 & +0.312 & -0.174 & +0.069 \\
-0.010 & +0.490 & -0.118 & +0.270 & +0.549 & -0.103 & -0.169 & -0.478 & -0.173 & +0.220 & +0.140 & -0.072 \\
-0.009 & -0.480 & -0.331 & +0.297 & +0.017 & +0.314 & -0.027 & -0.341 & +0.337 & +0.190 & -0.275 & -0.361 \\
+0.033 & +0.235 & -0.118 & +0.046 & +0.142 & +0.162 & +0.751 & -0.148 & +0.337 & -0.214 & -0.112 & +0.353 \\
+0.362 & +0.288 & -0.076 & +0.095 & +0.344 & +0.198 & -0.261 & +0.584 & +0.315 & -0.108 & -0.269 & -0.144 \\
-0.113 & +0.036 & +0.003 & -0.365 & +0.065 & -0.612 & -0.108 & -0.169 & +0.612 & -0.126 & +0.006 & -0.209 \\
+0.238 & +0.244 & +0.342 & -0.223 & -0.202 & +0.303 & +0.210 & -0.034 & +0.219 & +0.484 & +0.351 & -0.365 \\
+0.104 & +0.245 & -0.119 & -0.439 & -0.192 & -0.003 & -0.056 & -0.178 & -0.184 & +0.324 & -0.706 & +0.116 \\
-0.161 & +0.022 & +0.156 & +0.053 & -0.097 & +0.258 & -0.459 & -0.115 & +0.417 & +0.197 & +0.104 & +0.650 \\
\end{array}
\right)$ \newline 

$Det(L) :    = (+1.000,+0.000)     Det(U) :    = (+1.000,+0.000)     Det(LU) :    = (+1.000,+0.000)$

$||A||_{L_1}$  = +3.200

$||A||_{L_{\infty}}$ = +3.215

$||A^{-1}||_{L_1}$  = +3.215

$||A^{-1}||_{L_{\infty}}$ = +3.200

$||A||_{L_{\infty}} * ||A^{-1}||_{L_{\infty}} = +10.290$

$||A||_{L_1} * ||A^{-1}||_{L_1} = +10.290$

Frobenious Norm  $||A||_{\textit{F}}$ via $\sum\limits_{i,j =0}^{n} \|A_{i,j}|$   of  $A \in O(n)$  +3.464

$L_1$ condition number of Haar Distributed Random Orthogonal Matrix $A \in O(n)$ +9.534

$A = \left(
\begin{array}{
cccccccccccc}
+0.238 & +0.244 & +0.342 & -0.223 & -0.202 & +0.303 & +0.210 & -0.034 & +0.219 & +0.484 & +0.351 & -0.365 \\
-0.161 & +0.022 & +0.156 & +0.053 & -0.097 & +0.258 & -0.459 & -0.115 & +0.417 & +0.197 & +0.104 & +0.650 \\
-0.010 & +0.490 & -0.118 & +0.270 & +0.549 & -0.103 & -0.169 & -0.478 & -0.173 & +0.220 & +0.140 & -0.072 \\
+0.033 & +0.235 & -0.118 & +0.046 & +0.142 & +0.162 & +0.751 & -0.148 & +0.337 & -0.214 & -0.112 & +0.353 \\
+0.362 & +0.288 & -0.076 & +0.095 & +0.344 & +0.198 & -0.261 & +0.584 & +0.315 & -0.108 & -0.269 & -0.144 \\
+0.157 & +0.109 & +0.134 & +0.637 & -0.356 & -0.487 & +0.124 & +0.132 & +0.101 & +0.312 & -0.174 & +0.069 \\
-0.243 & +0.020 & -0.690 & -0.129 & +0.005 & -0.102 & +0.107 & +0.374 & +0.026 & +0.445 & +0.278 & +0.103 \\
-0.113 & +0.036 & +0.003 & -0.365 & +0.065 & -0.612 & -0.108 & -0.169 & +0.612 & -0.126 & +0.006 & -0.209 \\
-0.564 & +0.491 & -0.109 & +0.162 & -0.420 & +0.213 & -0.095 & +0.015 & +0.053 & -0.280 & -0.068 & -0.293 \\
+0.600 & +0.129 & -0.443 & -0.007 & -0.406 & -0.005 & -0.182 & -0.245 & -0.002 & -0.300 & +0.273 & +0.068 \\
-0.009 & -0.480 & -0.331 & +0.297 & +0.017 & +0.314 & -0.027 & -0.341 & +0.337 & +0.190 & -0.275 & -0.361 \\
+0.104 & +0.245 & -0.119 & -0.439 & -0.192 & -0.003 & -0.056 & -0.178 & -0.184 & +0.324 & -0.706 & +0.116 \\
\end{array}
\right)$ \newline 

$L_{\infty}$ condition number of Haar Distributed Random Orthogonal Matrix $A \in O(n)$ +10.290

Eigenvalues of $A \in O(n)$

(+0.283,+0.959), (+0.283,-0.959), (-0.472,+0.881), (-0.472,-0.881), (-0.823,+0.568), (-0.823,-0.568), (-0.920,+0.392), (-0.920,-0.392), (+0.971,+0.237), (+0.971,-0.237), (+0.751,+0.661), (+0.751,-0.661)

 $|\lambda | : \lambda \in \sigma(A) , A \in O(n)$

+1.000, +1.000, +1.000, +1.000, +1.000, +1.000, +1.000, +1.000, +1.000, +1.000, +1.000, +1.000


Calculating $A^{\dag} A,$  we expect $A^{\dag} A \approx I$

$A^{\dag} A = \left(
\begin{array}{
cccccccccccc}
+1.000 & -0.000 & -0.000 & +0.000 & -0.000 & +0.000 & +0.000 & -0.000 & +0.000 & -0.000 & +0.000 & -0.000 \\
-0.000 & +1.000 & +0.000 & +0.000 & +0.000 & -0.000 & -0.000 & -0.000 & +0.000 & -0.000 & -0.000 & +0.000 \\
-0.000 & +0.000 & +1.000 & +0.000 & -0.000 & +0.000 & -0.000 & -0.000 & +0.000 & +0.000 & +0.000 & -0.000 \\
+0.000 & +0.000 & +0.000 & +1.000 & +0.000 & -0.000 & +0.000 & +0.000 & -0.000 & +0.000 & -0.000 & +0.000 \\
-0.000 & +0.000 & -0.000 & +0.000 & +1.000 & +0.000 & -0.000 & -0.000 & +0.000 & +0.000 & -0.000 & -0.000 \\
+0.000 & -0.000 & +0.000 & -0.000 & +0.000 & +1.000 & +0.000 & -0.000 & -0.000 & +0.000 & -0.000 & +0.000 \\
+0.000 & -0.000 & -0.000 & +0.000 & -0.000 & +0.000 & +1.000 & +0.000 & -0.000 & -0.000 & +0.000 & -0.000 \\
-0.000 & -0.000 & -0.000 & +0.000 & -0.000 & -0.000 & +0.000 & +1.000 & -0.000 & -0.000 & +0.000 & -0.000 \\
+0.000 & +0.000 & +0.000 & -0.000 & +0.000 & -0.000 & -0.000 & -0.000 & +1.000 & +0.000 & -0.000 & +0.000 \\
-0.000 & -0.000 & +0.000 & +0.000 & +0.000 & +0.000 & -0.000 & -0.000 & +0.000 & +1.000 & +0.000 & -0.000 \\
+0.000 & -0.000 & +0.000 & -0.000 & -0.000 & -0.000 & +0.000 & +0.000 & -0.000 & +0.000 & +1.000 & +0.000 \\
-0.000 & +0.000 & -0.000 & +0.000 & -0.000 & +0.000 & -0.000 & -0.000 & +0.000 & -0.000 & +0.000 & +1.000 \\
\end{array}
\right)$ \newline 

Calculating $A^{-1} ,  A \in O(n)$.

$A^{-1} = \left(
\begin{array}{
cccccccccccc}
+0.238 & -0.161 & -0.010 & +0.033 & +0.362 & +0.157 & -0.243 & -0.113 & -0.564 & +0.600 & -0.009 & +0.104 \\
+0.244 & +0.022 & +0.490 & +0.235 & +0.288 & +0.109 & +0.020 & +0.036 & +0.491 & +0.129 & -0.480 & +0.245 \\
+0.342 & +0.156 & -0.118 & -0.118 & -0.076 & +0.134 & -0.690 & +0.003 & -0.109 & -0.443 & -0.331 & -0.119 \\
-0.223 & +0.053 & +0.270 & +0.046 & +0.095 & +0.637 & -0.129 & -0.365 & +0.162 & -0.007 & +0.297 & -0.439 \\
-0.202 & -0.097 & +0.549 & +0.142 & +0.344 & -0.356 & +0.005 & +0.065 & -0.420 & -0.406 & +0.017 & -0.192 \\
+0.303 & +0.258 & -0.103 & +0.162 & +0.198 & -0.487 & -0.102 & -0.612 & +0.213 & -0.005 & +0.314 & -0.003 \\
+0.210 & -0.459 & -0.169 & +0.751 & -0.261 & +0.124 & +0.107 & -0.108 & -0.095 & -0.182 & -0.027 & -0.056 \\
